x_in:
   256
   512
   768
  1024
  1280
  1536
  1792
  2048
  2304
  2560
  2816
  3072
  3328
  3584
  3840
  4096
  4352
  4608
  4864
  5120
  5376
  5632
  5888
  6144
context2:
   128
   256
   384
   512
   640
   768
   896
  1024
   128
   256
   384
   512
   640
   768
   896
  1024
   128
   256
   384
   512
   640
   768
   896
  1024
   128
   256
   384
   512
   640
   768
   896
  1024
   128
   256
   384
   512
   640
   768
   896
  1024
   128
   256
   384
   512
   640
   768
   896
  1024
   128
   256
   384
   512
   640
   768
   896
  1024
   128
   256
   384
   512
   640
   768
   896
  1024
context3:
   128
   256
   384
   512
   128
   256
   384
   512
   128
   256
   384
   512
   128
   256
   384
   512
   128
   256
   384
   512
   128
   256
   384
   512
   128
   256
   384
   512
   128
   256
   384
   512
up1_weights:
   409
   409
   409
   409
   409
   409
   409
   409
   409
   409
   409
   409
   409
   409
   409
   409
   409
   409
   409
   409
   409
   409
   409
   409
   409
   409
   409
   409
   409
   409
   409
   409
   409
   409
   409
   409
   409
   409
   409
   409
   409
   409
   409
   409
   409
   409
   409
   409
   409
   409
   409
   409
   409
   409
   409
   409
   409
   409
   409
   409
   409
   409
   409
   409
   409
   409
   409
   409
   409
   409
   409
   409
   409
   409
   409
   409
   409
   409
   409
   409
   409
   409
   409
   409
   409
   409
   409
   409
   409
   409
   409
   409
   409
   409
   409
   409
   409
   409
   409
   409
   409
   409
   409
   409
   409
   409
   409
   409
   409
   409
   409
   409
   409
   409
   409
   409
   409
   409
   409
   409
   409
   409
   409
   409
   409
   409
   409
   409
   409
   409
   409
   409
   409
   409
   409
   409
   409
   409
   409
   409
   409
   409
   409
   409
   409
   409
   409
   409
   409
   409
   409
   409
   409
   409
   409
   409
   409
   409
   409
   409
   409
   409
   409
   409
   409
   409
   409
   409
   409
   409
   409
   409
   409
   409
   409
   409
   409
   409
   409
   409
   409
   409
   409
   409
   409
   409
   409
   409
   409
   409
   409
   409
   409
   409
   409
   409
   409
   409
   409
   409
   409
   409
   409
   409
   409
   409
   409
   409
   409
   409
   409
   409
   409
   409
   409
   409
   409
   409
   409
   409
   409
   409
   409
   409
   409
   409
   409
   409
   409
   409
   409
   409
   409
   409
   409
   409
   409
   409
   409
   409
   409
   409
   409
   409
   409
   409
   409
   409
   409
   409
   409
   409
   409
   409
   409
   409
   409
   409
   409
   409
   409
   409
   409
   409
   409
   409
   409
   409
   409
   409
   409
   409
   409
   409
   409
   409
   409
   409
   409
   409
   409
   409
   409
   409
   409
   409
   409
   409
   409
   409
   409
   409
   409
   409
   409
   409
   409
   409
   409
   409
   409
   409
   409
   409
   409
   409
   409
   409
   409
   409
   409
   409
   409
   409
   409
   409
   409
   409
   409
   409
   409
   409
   409
   409
   409
   409
   409
   409
   409
   409
   409
   409
   409
   409
   409
   409
   409
   409
   409
   409
   409
   409
   409
   409
   409
   409
   409
   409
   409
   409
   409
   409
   409
   409
   409
   409
   409
   409
   409
   409
   409
   409
   409
   409
   409
   409
   409
   409
   409
   409
   409
   409
   409
   409
   409
   409
   409
   409
   409
   409
   409
   409
   409
   409
   409
   409
   409
   409
   409
   409
   409
   409
   409
   409
   409
   409
   409
   409
   409
   409
   409
   409
   409
   409
   409
   409
   409
   409
   409
   409
   409
   409
   409
   409
   409
   409
   409
   409
   409
   409
   409
   409
   409
   409
   409
   409
   409
   409
   409
   409
   409
   409
   409
   409
   409
   409
   409
   409
   409
   409
   409
   409
   409
   409
   409
   409
   409
   409
   409
   409
   409
   409
   409
   409
   409
   409
   409
   409
   409
   409
   409
   409
   409
   409
   409
   409
   409
   409
   409
   409
   409
   409
   409
   409
   409
   409
   409
   409
   409
   409
   409
   409
   409
   409
   409
   409
   409
   409
   409
   409
   409
   409
   409
   409
   409
   409
   409
   409
   409
   409
   409
   409
   409
   409
   409
   409
   409
   409
   409
   409
   409
   409
   409
   409
   409
   409
   409
   409
   409
   409
   409
   409
   409
   409
   409
   409
   409
   409
   409
   409
   409
   409
   409
   409
   409
   409
   409
   409
   409
   409
   409
   409
   409
   409
   409
   409
   409
   409
   409
   409
   409
   409
   409
   409
   409
   409
   409
   409
   409
   409
   409
   409
   409
   409
   409
   409
   409
   409
   409
   409
   409
   409
   409
   409
   409
   409
   409
   409
   409
   409
   409
   409
   409
   409
   409
   409
   409
   409
   409
   409
   409
   409
   409
   409
   409
   409
   409
   409
   409
   409
   409
   409
   409
   409
   409
   409
   409
   409
   409
   409
   409
   409
   409
   409
   409
   409
   409
   409
   409
   409
   409
   409
   409
   409
   409
   409
   409
   409
   409
   409
   409
   409
   409
   409
   409
   409
   409
   409
   409
   409
   409
   409
   409
   409
   409
   409
   409
   409
   409
   409
   409
   409
   409
   409
   409
   409
   409
   409
   409
   409
   409
   409
   409
   409
   409
   409
   409
   409
   409
   409
   409
   409
   409
   409
   409
   409
   409
   409
   409
   409
   409
   409
   409
   409
   409
   409
   409
   409
   409
   409
   409
   409
   409
   409
   409
   409
   409
   409
   409
   409
   409
   409
   409
   409
   409
   409
   409
   409
   409
   409
   409
   409
   409
   409
   409
   409
   409
   409
   409
   409
   409
   409
   409
   409
   409
   409
   409
   409
   409
   409
   409
   409
   409
   409
   409
   409
   409
   409
   409
   409
   409
   409
   409
   409
   409
   409
   409
   409
   409
   409
   409
   409
   409
   409
   409
   409
   409
   409
   409
   409
   409
   409
   409
   409
   409
   409
   409
   409
   409
   409
   409
   409
   409
   409
   409
   409
   409
   409
   409
   409
   409
   409
   409
   409
   409
   409
   409
   409
   409
   409
   409
   409
   409
   409
   409
   409
   409
   409
   409
   409
   409
   409
   409
   409
   409
   409
   409
   409
   409
   409
   409
   409
   409
   409
   409
   409
   409
   409
   409
   409
   409
   409
   409
   409
   409
   409
   409
   409
   409
   409
   409
   409
   409
   409
   409
   409
   409
   409
   409
   409
   409
   409
   409
   409
   409
   409
   409
   409
   409
   409
   409
   409
   409
   409
   409
   409
   409
   409
   409
   409
   409
   409
   409
   409
