feature_out:
 27128
 27128
-16514
-16514
-16312
-16312
 27381
 27381
 -7353
 -7353
 22201
 22201
-31361
-31361
-27110
-27110
-17741
-17741
  7350
  7350
-29041
-29041
 27381
 27381
 -7353
 -7353
 -1581
 -1581
  3084
  3084
 15924
 15924
 27128
 27128
-16514
-16514
-16312
-16312
 27381
 27381
 -7353
 -7353
 22201
 22201
-31361
-31361
-27110
-27110
-17741
-17741
  7350
  7350
-29041
-29041
 27381
 27381
 -7353
 -7353
 -1581
 -1581
  3084
  3084
 15924
 15924
-16507
-16507
 -2071
 -2071
  1394
  1394
-11425
-11425
-31999
-31999
 -3789
 -3789
-13500
-13500
-16360
-16360
-26184
-26184
 17792
 17792
 20656
 20656
-11425
-11425
-31999
-31999
 -6019
 -6019
-15268
-15268
 -9130
 -9130
-16507
-16507
 -2071
 -2071
  1394
  1394
-11425
-11425
-31999
-31999
 -3789
 -3789
-13500
-13500
-16360
-16360
-26184
-26184
 17792
 17792
 20656
 20656
-11425
-11425
-31999
-31999
 -6019
 -6019
-15268
-15268
 -9130
 -9130
 28675
 28675
   937
   937
  9765
  9765
-28412
-28412
 15209
 15209
 18737
 18737
 10349
 10349
 17057
 17057
-16573
-16573
   675
   675
 13906
 13906
-28412
-28412
 15209
 15209
 21254
 21254
 25974
 25974
 10091
 10091
 28675
 28675
   937
   937
  9765
  9765
-28412
-28412
 15209
 15209
 18737
 18737
 10349
 10349
 17057
 17057
-16573
-16573
   675
   675
 13906
 13906
-28412
-28412
 15209
 15209
 21254
 21254
 25974
 25974
 10091
 10091
-17432
-17432
 31928
 31928
  1647
  1647
-21751
-21751
 10118
 10118
-10076
-10076
-10396
-10396
  7345
  7345
-28524
-28524
-13691
-13691
-22113
-22113
 -5129
 -5129
 -5550
 -5550
-16083
-16083
 -9575
 -9575
 -9282
 -9282
-17432
-17432
 31928
 31928
  1647
  1647
-21751
-21751
 10118
 10118
-10076
-10076
-10396
-10396
  7345
  7345
-28524
-28524
-13691
-13691
-22113
-22113
 -5129
 -5129
 -5550
 -5550
-16083
-16083
 -9575
 -9575
 -9282
 -9282
 32517
 32517
 29147
 29147
-30435
-30435
 18765
 18765
 21687
 21687
-22505
-22505
 -1566
 -1566
 18327
 18327
 22359
 22359
  6571
  6571
 17680
 17680
-13527
-13527
 -9649
 -9649
 -3527
 -3527
-18001
-18001
 14419
 14419
 32517
 32517
 29147
 29147
-30435
-30435
 18765
 18765
 21687
 21687
-22505
-22505
 -1566
 -1566
 18327
 18327
 22359
 22359
  6571
  6571
 17680
 17680
-13527
-13527
 -9649
 -9649
 -3527
 -3527
-18001
-18001
 14419
 14419
 -8283
 -8283
   204
   204
-16227
-16227
-18196
-18196
-15543
-15543
 30233
 30233
 31806
 31806
-10767
-10767
 -3107
 -3107
-23419
-23419
 19539
 19539
-22440
-22440
 -7589
 -7589
-23388
-23388
  6825
  6825
 10813
 10813
 -8283
 -8283
   204
   204
-16227
-16227
-18196
-18196
-15543
-15543
 30233
 30233
 31806
 31806
-10767
-10767
 -3107
 -3107
-23419
-23419
 19539
 19539
-22440
-22440
 -7589
 -7589
-23388
-23388
  6825
  6825
 10813
 10813
 25430
 25430
 28848
 28848
 28180
 28180
 26086
 26086
-24173
-24173
 11781
 11781
-22949
-22949
 20092
 20092
 -7968
 -7968
 -4260
 -4260
-12334
-12334
-32268
-32268
-26797
-26797
 28554
 28554
 17056
 17056
-19341
-19341
 25430
 25430
 28848
 28848
 28180
 28180
 26086
 26086
-24173
-24173
 11781
 11781
-22949
-22949
 20092
 20092
 -7968
 -7968
 -4260
 -4260
-12334
-12334
-32268
-32268
-26797
-26797
 28554
 28554
 17056
 17056
-19341
-19341
-13401
-13401
 21072
 21072
-13565
-13565
  2131
  2131
 31813
 31813
 29457
 29457
 -2581
 -2581
 -5949
 -5949
 22721
 22721
-15249
-15249
-16353
-16353
 31859
 31859
 15639
 15639
-15265
-15265
 -9298
 -9298
 12775
 12775
-13401
-13401
 21072
 21072
-13565
-13565
  2131
  2131
 31813
 31813
 29457
 29457
 -2581
 -2581
 -5949
 -5949
 22721
 22721
-15249
-15249
-16353
-16353
 31859
 31859
 15639
 15639
-15265
-15265
 -9298
 -9298
 12775
 12775
 10111
 10111
 16416
 16416
  7391
  7391
-32251
-32251
-17983
-17983
 16433
 16433
-28955
-28955
 23381
 23381
 -9967
 -9967
-10769
-10769
 21777
 21777
  8597
  8597
 28407
 28407
  4403
  4403
-18760
-18760
-12953
-12953
 10111
 10111
 16416
 16416
  7391
  7391
-32251
-32251
-17983
-17983
 16433
 16433
-28955
-28955
 23381
 23381
 -9967
 -9967
-10769
-10769
 21777
 21777
  8597
  8597
 28407
 28407
  4403
  4403
-18760
-18760
-12953
-12953
  3419
  3419
-18290
-18290
-19215
-19215
 -3297
 -3297
 -7105
 -7105
-26583
-26583
 23283
 23283
-22813
-22813
 12297
 12297
-17681
-17681
-17233
-17233
 13235
 13235
-22281
-22281
 18439
 18439
-15746
-15746
 25399
 25399
  3419
  3419
-18290
-18290
-19215
-19215
 -3297
 -3297
 -7105
 -7105
-26583
-26583
 23283
 23283
-22813
-22813
 12297
 12297
-17681
-17681
-17233
-17233
 13235
 13235
-22281
-22281
 18439
 18439
-15746
-15746
 25399
 25399
-26785
-26785
 17196
 17196
 -1241
 -1241
 -5497
 -5497
-11967
-11967
  8961
  8961
-29177
-29177
 32735
 32735
  1713
  1713
-29073
-29073
-28837
-28837
-24401
-24401
-20201
-20201
 12807
 12807
 -3270
 -3270
 23943
 23943
-26785
-26785
 17196
 17196
 -1241
 -1241
 -5497
 -5497
-11967
-11967
  8961
  8961
-29177
-29177
 32735
 32735
  1713
  1713
-29073
-29073
-28837
-28837
-24401
-24401
-20201
-20201
 12807
 12807
 -3270
 -3270
 23943
 23943
  -713
  -713
-10722
-10722
  2119
  2119
 29523
 29523
 23435
 23435
-23057
-23057
  2075
  2075
-15717
-15717
  6895
  6895
 29523
 29523
 29539
 29539
-28549
-28549
-21117
-21117
 -4253
 -4253
 25830
 25830
-13265
-13265
  -713
  -713
-10722
-10722
  2119
  2119
 29523
 29523
 23435
 23435
-23057
-23057
  2075
  2075
-15717
-15717
  6895
  6895
 29523
 29523
 29539
 29539
-28549
-28549
-21117
-21117
 -4253
 -4253
 25830
 25830
-13265
-13265
 -9973
 -9973
 -8590
 -8590
-12495
-12495
  1207
  1207
 -1837
 -1837
-25083
-25083
 20251
 20251
 11355
 11355
 22661
 22661
-31561
-31561
-31553
-31553
  4939
  4939
-24113
-24113
-15681
-15681
-23082
-23082
 16519
 16519
 -9973
 -9973
 -8590
 -8590
-12495
-12495
  1207
  1207
 -1837
 -1837
-25083
-25083
 20251
 20251
 11355
 11355
 22661
 22661
-31561
-31561
-31553
-31553
  4939
  4939
-24113
-24113
-15681
-15681
-23082
-23082
 16519
 16519
-19233
-19233
 -6458
 -6458
-27109
-27109
-27109
-27109
-27109
-27109
-27109
-27109
-27109
-27109
-27109
-27109
-27109
-27109
-27109
-27109
-27109
-27109
-27109
-27109
-27109
-27109
-27109
-27109
 -6458
 -6458
-19233
-19233
-19233
-19233
 -6458
 -6458
-27109
-27109
-27109
-27109
-27109
-27109
-27109
-27109
-27109
-27109
-27109
-27109
-27109
-27109
-27109
-27109
-27109
-27109
-27109
-27109
-27109
-27109
-27109
-27109
 -6458
 -6458
-19233
-19233
 19688
 19688
 -4344
 -4344
 -6458
 -6458
 -6458
 -6458
 -6458
 -6458
 -6458
 -6458
 -6458
 -6458
 -6458
 -6458
 -6458
 -6458
 -6458
 -6458
 -6458
 -6458
 -6458
 -6458
 -6458
 -6458
 -6458
 -6458
 -4344
 -4344
 19688
 19688
 19688
 19688
 -4344
 -4344
 -6458
 -6458
 -6458
 -6458
 -6458
 -6458
 -6458
 -6458
 -6458
 -6458
 -6458
 -6458
 -6458
 -6458
 -6458
 -6458
 -6458
 -6458
 -6458
 -6458
 -6458
 -6458
 -6458
 -6458
 -4344
 -4344
 19688
 19688
 26133
 26133
 19688
 19688
-19233
-19233
-19233
-19233
-19233
-19233
-19233
-19233
-19233
-19233
-19233
-19233
-19233
-19233
-19233
-19233
-19233
-19233
-19233
-19233
-19233
-19233
-19233
-19233
 19688
 19688
 26133
 26133
 26133
 26133
 19688
 19688
-19233
-19233
-19233
-19233
-19233
-19233
-19233
-19233
-19233
-19233
-19233
-19233
-19233
-19233
-19233
-19233
-19233
-19233
-19233
-19233
-19233
-19233
-19233
-19233
 19688
 19688
 26133
 26133
 27128
 27128
-16514
-16514
-16312
-16312
 27381
 27381
 -7353
 -7353
 22201
 22201
-31361
-31361
-27110
-27110
-17741
-17741
  7350
  7350
-29041
-29041
 27381
 27381
 -7353
 -7353
 -1581
 -1581
  3084
  3084
 15924
 15924
 27128
 27128
-16514
-16514
-16312
-16312
 27381
 27381
 -7353
 -7353
 22201
 22201
-31361
-31361
-27110
-27110
-17741
-17741
  7350
  7350
-29041
-29041
 27381
 27381
 -7353
 -7353
 -1581
 -1581
  3084
  3084
 15924
 15924
-16507
-16507
 -2071
 -2071
  1394
  1394
-11425
-11425
-31999
-31999
 -3789
 -3789
-13500
-13500
-16360
-16360
-26184
-26184
 17792
 17792
 20656
 20656
-11425
-11425
-31999
-31999
 -6019
 -6019
-15268
-15268
 -9130
 -9130
-16507
-16507
 -2071
 -2071
  1394
  1394
-11425
-11425
-31999
-31999
 -3789
 -3789
-13500
-13500
-16360
-16360
-26184
-26184
 17792
 17792
 20656
 20656
-11425
-11425
-31999
-31999
 -6019
 -6019
-15268
-15268
 -9130
 -9130
 28675
 28675
   937
   937
  9765
  9765
-28412
-28412
 15209
 15209
 18737
 18737
 10349
 10349
 17057
 17057
-16573
-16573
   675
   675
 13906
 13906
-28412
-28412
 15209
 15209
 21254
 21254
 25974
 25974
 10091
 10091
 28675
 28675
   937
   937
  9765
  9765
-28412
-28412
 15209
 15209
 18737
 18737
 10349
 10349
 17057
 17057
-16573
-16573
   675
   675
 13906
 13906
-28412
-28412
 15209
 15209
 21254
 21254
 25974
 25974
 10091
 10091
-17432
-17432
 31928
 31928
  1647
  1647
-21751
-21751
 10118
 10118
-10076
-10076
-10396
-10396
  7345
  7345
-28524
-28524
-13691
-13691
-22113
-22113
 -5129
 -5129
 -5550
 -5550
-16083
-16083
 -9575
 -9575
 -9282
 -9282
-17432
-17432
 31928
 31928
  1647
  1647
-21751
-21751
 10118
 10118
-10076
-10076
-10396
-10396
  7345
  7345
-28524
-28524
-13691
-13691
-22113
-22113
 -5129
 -5129
 -5550
 -5550
-16083
-16083
 -9575
 -9575
 -9282
 -9282
 32517
 32517
 29147
 29147
-30435
-30435
 18765
 18765
 21687
 21687
-22505
-22505
 -1566
 -1566
 18327
 18327
 22359
 22359
  6571
  6571
 17680
 17680
-13527
-13527
 -9649
 -9649
 -3527
 -3527
-18001
-18001
 14419
 14419
 32517
 32517
 29147
 29147
-30435
-30435
 18765
 18765
 21687
 21687
-22505
-22505
 -1566
 -1566
 18327
 18327
 22359
 22359
  6571
  6571
 17680
 17680
-13527
-13527
 -9649
 -9649
 -3527
 -3527
-18001
-18001
 14419
 14419
 -8283
 -8283
   204
   204
-16227
-16227
-18196
-18196
-15543
-15543
 30233
 30233
 31806
 31806
-10767
-10767
 -3107
 -3107
-23419
-23419
 19539
 19539
-22440
-22440
 -7589
 -7589
-23388
-23388
  6825
  6825
 10813
 10813
 -8283
 -8283
   204
   204
-16227
-16227
-18196
-18196
-15543
-15543
 30233
 30233
 31806
 31806
-10767
-10767
 -3107
 -3107
-23419
-23419
 19539
 19539
-22440
-22440
 -7589
 -7589
-23388
-23388
  6825
  6825
 10813
 10813
 25430
 25430
 28848
 28848
 28180
 28180
 26086
 26086
-24173
-24173
 11781
 11781
-22949
-22949
 20092
 20092
 -7968
 -7968
 -4260
 -4260
-12334
-12334
-32268
-32268
-26797
-26797
 28554
 28554
 17056
 17056
-19341
-19341
 25430
 25430
 28848
 28848
 28180
 28180
 26086
 26086
-24173
-24173
 11781
 11781
-22949
-22949
 20092
 20092
 -7968
 -7968
 -4260
 -4260
-12334
-12334
-32268
-32268
-26797
-26797
 28554
 28554
 17056
 17056
-19341
-19341
-13401
-13401
 21072
 21072
-13565
-13565
  2131
  2131
 31813
 31813
 29457
 29457
 -2581
 -2581
 -5949
 -5949
 22721
 22721
-15249
-15249
-16353
-16353
 31859
 31859
 15639
 15639
-15265
-15265
 -9298
 -9298
 12775
 12775
-13401
-13401
 21072
 21072
-13565
-13565
  2131
  2131
 31813
 31813
 29457
 29457
 -2581
 -2581
 -5949
 -5949
 22721
 22721
-15249
-15249
-16353
-16353
 31859
 31859
 15639
 15639
-15265
-15265
 -9298
 -9298
 12775
 12775
 10111
 10111
 16416
 16416
  7391
  7391
-32251
-32251
-17983
-17983
 16433
 16433
-28955
-28955
 23381
 23381
 -9967
 -9967
-10769
-10769
 21777
 21777
  8597
  8597
 28407
 28407
  4403
  4403
-18760
-18760
-12953
-12953
 10111
 10111
 16416
 16416
  7391
  7391
-32251
-32251
-17983
-17983
 16433
 16433
-28955
-28955
 23381
 23381
 -9967
 -9967
-10769
-10769
 21777
 21777
  8597
  8597
 28407
 28407
  4403
  4403
-18760
-18760
-12953
-12953
  3419
  3419
-18290
-18290
-19215
-19215
 -3297
 -3297
 -7105
 -7105
-26583
-26583
 23283
 23283
-22813
-22813
 12297
 12297
-17681
-17681
-17233
-17233
 13235
 13235
-22281
-22281
 18439
 18439
-15746
-15746
 25399
 25399
  3419
  3419
-18290
-18290
-19215
-19215
 -3297
 -3297
 -7105
 -7105
-26583
-26583
 23283
 23283
-22813
-22813
 12297
 12297
-17681
-17681
-17233
-17233
 13235
 13235
-22281
-22281
 18439
 18439
-15746
-15746
 25399
 25399
-26785
-26785
 17196
 17196
 -1241
 -1241
 -5497
 -5497
-11967
-11967
  8961
  8961
-29177
-29177
 32735
 32735
  1713
  1713
-29073
-29073
-28837
-28837
-24401
-24401
-20201
-20201
 12807
 12807
 -3270
 -3270
 23943
 23943
-26785
-26785
 17196
 17196
 -1241
 -1241
 -5497
 -5497
-11967
-11967
  8961
  8961
-29177
-29177
 32735
 32735
  1713
  1713
-29073
-29073
-28837
-28837
-24401
-24401
-20201
-20201
 12807
 12807
 -3270
 -3270
 23943
 23943
  -713
  -713
-10722
-10722
  2119
  2119
 29523
 29523
 23435
 23435
-23057
-23057
  2075
  2075
-15717
-15717
  6895
  6895
 29523
 29523
 29539
 29539
-28549
-28549
-21117
-21117
 -4253
 -4253
 25830
 25830
-13265
-13265
  -713
  -713
-10722
-10722
  2119
  2119
 29523
 29523
 23435
 23435
-23057
-23057
  2075
  2075
-15717
-15717
  6895
  6895
 29523
 29523
 29539
 29539
-28549
-28549
-21117
-21117
 -4253
 -4253
 25830
 25830
-13265
-13265
 -9973
 -9973
 -8590
 -8590
-12495
-12495
  1207
  1207
 -1837
 -1837
-25083
-25083
 20251
 20251
 11355
 11355
 22661
 22661
-31561
-31561
-31553
-31553
  4939
  4939
-24113
-24113
-15681
-15681
-23082
-23082
 16519
 16519
 -9973
 -9973
 -8590
 -8590
-12495
-12495
  1207
  1207
 -1837
 -1837
-25083
-25083
 20251
 20251
 11355
 11355
 22661
 22661
-31561
-31561
-31553
-31553
  4939
  4939
-24113
-24113
-15681
-15681
-23082
-23082
 16519
 16519
-19233
-19233
 -6458
 -6458
-27109
-27109
-27109
-27109
-27109
-27109
-27109
-27109
-27109
-27109
-27109
-27109
-27109
-27109
-27109
-27109
-27109
-27109
-27109
-27109
-27109
-27109
-27109
-27109
 -6458
 -6458
-19233
-19233
-19233
-19233
 -6458
 -6458
-27109
-27109
-27109
-27109
-27109
-27109
-27109
-27109
-27109
-27109
-27109
-27109
-27109
-27109
-27109
-27109
-27109
-27109
-27109
-27109
-27109
-27109
-27109
-27109
 -6458
 -6458
-19233
-19233
 19688
 19688
 -4344
 -4344
 -6458
 -6458
 -6458
 -6458
 -6458
 -6458
 -6458
 -6458
 -6458
 -6458
 -6458
 -6458
 -6458
 -6458
 -6458
 -6458
 -6458
 -6458
 -6458
 -6458
 -6458
 -6458
 -6458
 -6458
 -4344
 -4344
 19688
 19688
 19688
 19688
 -4344
 -4344
 -6458
 -6458
 -6458
 -6458
 -6458
 -6458
 -6458
 -6458
 -6458
 -6458
 -6458
 -6458
 -6458
 -6458
 -6458
 -6458
 -6458
 -6458
 -6458
 -6458
 -6458
 -6458
 -6458
 -6458
 -4344
 -4344
 19688
 19688
 26133
 26133
 19688
 19688
-19233
-19233
-19233
-19233
-19233
-19233
-19233
-19233
-19233
-19233
-19233
-19233
-19233
-19233
-19233
-19233
-19233
-19233
-19233
-19233
-19233
-19233
-19233
-19233
 19688
 19688
 26133
 26133
 26133
 26133
 19688
 19688
-19233
-19233
-19233
-19233
-19233
-19233
-19233
-19233
-19233
-19233
-19233
-19233
-19233
-19233
-19233
-19233
-19233
-19233
-19233
-19233
-19233
-19233
-19233
-19233
 19688
 19688
 26133
 26133
