feature_out:
 27128
 27128
-16514
-16514
-16312
-16312
 27381
 27381
 -7353
 -7353
 22201
 22201
-31361
-31361
-27110
-27110
-17741
-17741
  7350
  7350
-29041
-29041
 27381
 27381
 -7353
 -7353
 -1581
 -1581
  3084
  3084
 15924
 15924
 27128
 27128
-16514
-16514
-16312
-16312
 27381
 27381
 -7353
 -7353
 22201
 22201
-31361
-31361
-27110
-27110
-17741
-17741
  7350
  7350
-29041
-29041
 27381
 27381
 -7353
 -7353
 -1581
 -1581
  3084
  3084
 15924
 15924
-16507
-16507
 -2071
 -2071
  1394
  1394
-11425
-11425
-31999
-31999
 -3789
 -3789
-13500
-13500
-16360
-16360
-26184
-26184
 17792
 17792
 20656
 20656
-11425
-11425
-31999
-31999
 -6019
 -6019
-15268
-15268
 -9130
 -9130
-16507
-16507
 -2071
 -2071
  1394
  1394
-11425
-11425
-31999
-31999
 -3789
 -3789
-13500
-13500
-16360
-16360
-26184
-26184
 17792
 17792
 20656
 20656
-11425
-11425
-31999
-31999
 -6019
 -6019
-15268
-15268
 -9130
 -9130
 28675
 28675
   937
   937
  9765
  9765
-28412
-28412
 15209
 15209
 18737
 18737
 10349
 10349
 17057
 17057
-16573
-16573
   675
   675
 13906
 13906
-28412
-28412
 15209
 15209
 21254
 21254
 25974
 25974
 10091
 10091
 28675
 28675
   937
   937
  9765
  9765
-28412
-28412
 15209
 15209
 18737
 18737
 10349
 10349
 17057
 17057
-16573
-16573
   675
   675
 13906
 13906
-28412
-28412
 15209
 15209
 21254
 21254
 25974
 25974
 10091
 10091
-17432
-17432
 31928
 31928
  1647
  1647
-21751
-21751
 10118
 10118
-10076
-10076
-10396
-10396
  7345
  7345
-28524
-28524
-13691
-13691
-22113
-22113
 -5129
 -5129
 -5550
 -5550
-16083
-16083
 -9575
 -9575
 -9282
 -9282
-17432
-17432
 31928
 31928
  1647
  1647
-21751
-21751
 10118
 10118
-10076
-10076
-10396
-10396
  7345
  7345
-28524
-28524
-13691
-13691
-22113
-22113
 -5129
 -5129
 -5550
 -5550
-16083
-16083
 -9575
 -9575
 -9282
 -9282
 32517
 32517
 29147
 29147
-30435
-30435
 18765
 18765
 21687
 21687
-22505
-22505
 -1566
 -1566
 18327
 18327
 22359
 22359
  6571
  6571
 17680
 17680
-13527
-13527
 -9649
 -9649
 -3527
 -3527
-18001
-18001
 14419
 14419
 32517
 32517
 29147
 29147
-30435
-30435
 18765
 18765
 21687
 21687
-22505
-22505
 -1566
 -1566
 18327
 18327
 22359
 22359
  6571
  6571
 17680
 17680
-13527
-13527
 -9649
 -9649
 -3527
 -3527
-18001
-18001
 14419
 14419
-24235
-24235
-32370
-32370
  8089
  8089
-17558
-17558
-29937
-29937
-14809
-14809
-28852
-28852
-29889
-29889
-30613
-30613
-25879
-25879
-15027
-15027
 15686
 15686
  4263
  4263
-20780
-20780
 26463
 26463
 13413
 13413
-24235
-24235
-32370
-32370
  8089
  8089
-17558
-17558
-29937
-29937
-14809
-14809
-28852
-28852
-29889
-29889
-30613
-30613
-25879
-25879
-15027
-15027
 15686
 15686
  4263
  4263
-20780
-20780
 26463
 26463
 13413
 13413
 -6474
 -6474
 29236
 29236
 11276
 11276
 27362
 27362
 12575
 12575
-12767
-12767
-13193
-13193
-18152
-18152
  2556
  2556
 -9180
 -9180
-15930
-15930
-21552
-21552
 -3093
 -3093
-31766
-31766
 -9204
 -9204
-14141
-14141
 -6474
 -6474
 29236
 29236
 11276
 11276
 27362
 27362
 12575
 12575
-12767
-12767
-13193
-13193
-18152
-18152
  2556
  2556
 -9180
 -9180
-15930
-15930
-21552
-21552
 -3093
 -3093
-31766
-31766
 -9204
 -9204
-14141
-14141
-19233
-19233
 -6458
 -6458
-27109
-27109
-27109
-27109
-27109
-27109
-27109
-27109
-27109
-27109
-27109
-27109
-27109
-27109
-27109
-27109
-27109
-27109
-27109
-27109
-27109
-27109
-27109
-27109
 -6458
 -6458
-19233
-19233
-19233
-19233
 -6458
 -6458
-27109
-27109
-27109
-27109
-27109
-27109
-27109
-27109
-27109
-27109
-27109
-27109
-27109
-27109
-27109
-27109
-27109
-27109
-27109
-27109
-27109
-27109
-27109
-27109
 -6458
 -6458
-19233
-19233
-19233
-19233
 -6458
 -6458
-27109
-27109
-27109
-27109
-27109
-27109
-27109
-27109
-27109
-27109
-27109
-27109
-27109
-27109
-27109
-27109
-27109
-27109
-27109
-27109
-27109
-27109
-27109
-27109
 -6458
 -6458
-19233
-19233
-19233
-19233
 -6458
 -6458
-27109
-27109
-27109
-27109
-27109
-27109
-27109
-27109
-27109
-27109
-27109
-27109
-27109
-27109
-27109
-27109
-27109
-27109
-27109
-27109
-27109
-27109
-27109
-27109
 -6458
 -6458
-19233
-19233
-19233
-19233
 -6458
 -6458
-27109
-27109
-27109
-27109
-27109
-27109
-27109
-27109
-27109
-27109
-27109
-27109
-27109
-27109
-27109
-27109
-27109
-27109
-27109
-27109
-27109
-27109
-27109
-27109
 -6458
 -6458
-19233
-19233
-19233
-19233
 -6458
 -6458
-27109
-27109
-27109
-27109
-27109
-27109
-27109
-27109
-27109
-27109
-27109
-27109
-27109
-27109
-27109
-27109
-27109
-27109
-27109
-27109
-27109
-27109
-27109
-27109
 -6458
 -6458
-19233
-19233
-19233
-19233
 -6458
 -6458
-27109
-27109
-27109
-27109
-27109
-27109
-27109
-27109
-27109
-27109
-27109
-27109
-27109
-27109
-27109
-27109
-27109
-27109
-27109
-27109
-27109
-27109
-27109
-27109
 -6458
 -6458
-19233
-19233
-19233
-19233
 -6458
 -6458
-27109
-27109
-27109
-27109
-27109
-27109
-27109
-27109
-27109
-27109
-27109
-27109
-27109
-27109
-27109
-27109
-27109
-27109
-27109
-27109
-27109
-27109
-27109
-27109
 -6458
 -6458
-19233
-19233
-19233
-19233
 -6458
 -6458
-27109
-27109
-27109
-27109
-27109
-27109
-27109
-27109
-27109
-27109
-27109
-27109
-27109
-27109
-27109
-27109
-27109
-27109
-27109
-27109
-27109
-27109
-27109
-27109
 -6458
 -6458
-19233
-19233
-19233
-19233
 -6458
 -6458
-27109
-27109
-27109
-27109
-27109
-27109
-27109
-27109
-27109
-27109
-27109
-27109
-27109
-27109
-27109
-27109
-27109
-27109
-27109
-27109
-27109
-27109
-27109
-27109
 -6458
 -6458
-19233
-19233
-19233
-19233
 -6458
 -6458
-27109
-27109
-27109
-27109
-27109
-27109
-27109
-27109
-27109
-27109
-27109
-27109
-27109
-27109
-27109
-27109
-27109
-27109
-27109
-27109
-27109
-27109
-27109
-27109
 -6458
 -6458
-19233
-19233
-19233
-19233
 -6458
 -6458
-27109
-27109
-27109
-27109
-27109
-27109
-27109
-27109
-27109
-27109
-27109
-27109
-27109
-27109
-27109
-27109
-27109
-27109
-27109
-27109
-27109
-27109
-27109
-27109
 -6458
 -6458
-19233
-19233
-19233
-19233
 -6458
 -6458
-27109
-27109
-27109
-27109
-27109
-27109
-27109
-27109
-27109
-27109
-27109
-27109
-27109
-27109
-27109
-27109
-27109
-27109
-27109
-27109
-27109
-27109
-27109
-27109
 -6458
 -6458
-19233
-19233
-19233
-19233
 -6458
 -6458
-27109
-27109
-27109
-27109
-27109
-27109
-27109
-27109
-27109
-27109
-27109
-27109
-27109
-27109
-27109
-27109
-27109
-27109
-27109
-27109
-27109
-27109
-27109
-27109
 -6458
 -6458
-19233
-19233
 19688
 19688
 -4344
 -4344
 -6458
 -6458
 -6458
 -6458
 -6458
 -6458
 -6458
 -6458
 -6458
 -6458
 -6458
 -6458
 -6458
 -6458
 -6458
 -6458
 -6458
 -6458
 -6458
 -6458
 -6458
 -6458
 -6458
 -6458
 -4344
 -4344
 19688
 19688
 19688
 19688
 -4344
 -4344
 -6458
 -6458
 -6458
 -6458
 -6458
 -6458
 -6458
 -6458
 -6458
 -6458
 -6458
 -6458
 -6458
 -6458
 -6458
 -6458
 -6458
 -6458
 -6458
 -6458
 -6458
 -6458
 -6458
 -6458
 -4344
 -4344
 19688
 19688
 26133
 26133
 19688
 19688
-19233
-19233
-19233
-19233
-19233
-19233
-19233
-19233
-19233
-19233
-19233
-19233
-19233
-19233
-19233
-19233
-19233
-19233
-19233
-19233
-19233
-19233
-19233
-19233
 19688
 19688
 26133
 26133
 26133
 26133
 19688
 19688
-19233
-19233
-19233
-19233
-19233
-19233
-19233
-19233
-19233
-19233
-19233
-19233
-19233
-19233
-19233
-19233
-19233
-19233
-19233
-19233
-19233
-19233
-19233
-19233
 19688
 19688
 26133
 26133
 27128
 27128
-16514
-16514
-16312
-16312
 27381
 27381
 -7353
 -7353
 22201
 22201
-31361
-31361
-27110
-27110
-17741
-17741
  7350
  7350
-29041
-29041
 27381
 27381
 -7353
 -7353
 -1581
 -1581
  3084
  3084
 15924
 15924
 27128
 27128
-16514
-16514
-16312
-16312
 27381
 27381
 -7353
 -7353
 22201
 22201
-31361
-31361
-27110
-27110
-17741
-17741
  7350
  7350
-29041
-29041
 27381
 27381
 -7353
 -7353
 -1581
 -1581
  3084
  3084
 15924
 15924
-16507
-16507
 -2071
 -2071
  1394
  1394
-11425
-11425
-31999
-31999
 -3789
 -3789
-13500
-13500
-16360
-16360
-26184
-26184
 17792
 17792
 20656
 20656
-11425
-11425
-31999
-31999
 -6019
 -6019
-15268
-15268
 -9130
 -9130
-16507
-16507
 -2071
 -2071
  1394
  1394
-11425
-11425
-31999
-31999
 -3789
 -3789
-13500
-13500
-16360
-16360
-26184
-26184
 17792
 17792
 20656
 20656
-11425
-11425
-31999
-31999
 -6019
 -6019
-15268
-15268
 -9130
 -9130
 28675
 28675
   937
   937
  9765
  9765
-28412
-28412
 15209
 15209
 18737
 18737
 10349
 10349
 17057
 17057
-16573
-16573
   675
   675
 13906
 13906
-28412
-28412
 15209
 15209
 21254
 21254
 25974
 25974
 10091
 10091
 28675
 28675
   937
   937
  9765
  9765
-28412
-28412
 15209
 15209
 18737
 18737
 10349
 10349
 17057
 17057
-16573
-16573
   675
   675
 13906
 13906
-28412
-28412
 15209
 15209
 21254
 21254
 25974
 25974
 10091
 10091
-17432
-17432
 31928
 31928
  1647
  1647
-21751
-21751
 10118
 10118
-10076
-10076
-10396
-10396
  7345
  7345
-28524
-28524
-13691
-13691
-22113
-22113
 -5129
 -5129
 -5550
 -5550
-16083
-16083
 -9575
 -9575
 -9282
 -9282
-17432
-17432
 31928
 31928
  1647
  1647
-21751
-21751
 10118
 10118
-10076
-10076
-10396
-10396
  7345
  7345
-28524
-28524
-13691
-13691
-22113
-22113
 -5129
 -5129
 -5550
 -5550
-16083
-16083
 -9575
 -9575
 -9282
 -9282
 32517
 32517
 29147
 29147
-30435
-30435
 18765
 18765
 21687
 21687
-22505
-22505
 -1566
 -1566
 18327
 18327
 22359
 22359
  6571
  6571
 17680
 17680
-13527
-13527
 -9649
 -9649
 -3527
 -3527
-18001
-18001
 14419
 14419
 32517
 32517
 29147
 29147
-30435
-30435
 18765
 18765
 21687
 21687
-22505
-22505
 -1566
 -1566
 18327
 18327
 22359
 22359
  6571
  6571
 17680
 17680
-13527
-13527
 -9649
 -9649
 -3527
 -3527
-18001
-18001
 14419
 14419
-24235
-24235
-32370
-32370
  8089
  8089
-17558
-17558
-29937
-29937
-14809
-14809
-28852
-28852
-29889
-29889
-30613
-30613
-25879
-25879
-15027
-15027
 15686
 15686
  4263
  4263
-20780
-20780
 26463
 26463
 13413
 13413
-24235
-24235
-32370
-32370
  8089
  8089
-17558
-17558
-29937
-29937
-14809
-14809
-28852
-28852
-29889
-29889
-30613
-30613
-25879
-25879
-15027
-15027
 15686
 15686
  4263
  4263
-20780
-20780
 26463
 26463
 13413
 13413
 -6474
 -6474
 29236
 29236
 11276
 11276
 27362
 27362
 12575
 12575
-12767
-12767
-13193
-13193
-18152
-18152
  2556
  2556
 -9180
 -9180
-15930
-15930
-21552
-21552
 -3093
 -3093
-31766
-31766
 -9204
 -9204
-14141
-14141
 -6474
 -6474
 29236
 29236
 11276
 11276
 27362
 27362
 12575
 12575
-12767
-12767
-13193
-13193
-18152
-18152
  2556
  2556
 -9180
 -9180
-15930
-15930
-21552
-21552
 -3093
 -3093
-31766
-31766
 -9204
 -9204
-14141
-14141
-19233
-19233
 -6458
 -6458
-27109
-27109
-27109
-27109
-27109
-27109
-27109
-27109
-27109
-27109
-27109
-27109
-27109
-27109
-27109
-27109
-27109
-27109
-27109
-27109
-27109
-27109
-27109
-27109
 -6458
 -6458
-19233
-19233
-19233
-19233
 -6458
 -6458
-27109
-27109
-27109
-27109
-27109
-27109
-27109
-27109
-27109
-27109
-27109
-27109
-27109
-27109
-27109
-27109
-27109
-27109
-27109
-27109
-27109
-27109
-27109
-27109
 -6458
 -6458
-19233
-19233
-19233
-19233
 -6458
 -6458
-27109
-27109
-27109
-27109
-27109
-27109
-27109
-27109
-27109
-27109
-27109
-27109
-27109
-27109
-27109
-27109
-27109
-27109
-27109
-27109
-27109
-27109
-27109
-27109
 -6458
 -6458
-19233
-19233
-19233
-19233
 -6458
 -6458
-27109
-27109
-27109
-27109
-27109
-27109
-27109
-27109
-27109
-27109
-27109
-27109
-27109
-27109
-27109
-27109
-27109
-27109
-27109
-27109
-27109
-27109
-27109
-27109
 -6458
 -6458
-19233
-19233
-19233
-19233
 -6458
 -6458
-27109
-27109
-27109
-27109
-27109
-27109
-27109
-27109
-27109
-27109
-27109
-27109
-27109
-27109
-27109
-27109
-27109
-27109
-27109
-27109
-27109
-27109
-27109
-27109
 -6458
 -6458
-19233
-19233
-19233
-19233
 -6458
 -6458
-27109
-27109
-27109
-27109
-27109
-27109
-27109
-27109
-27109
-27109
-27109
-27109
-27109
-27109
-27109
-27109
-27109
-27109
-27109
-27109
-27109
-27109
-27109
-27109
 -6458
 -6458
-19233
-19233
-19233
-19233
 -6458
 -6458
-27109
-27109
-27109
-27109
-27109
-27109
-27109
-27109
-27109
-27109
-27109
-27109
-27109
-27109
-27109
-27109
-27109
-27109
-27109
-27109
-27109
-27109
-27109
-27109
 -6458
 -6458
-19233
-19233
-19233
-19233
 -6458
 -6458
-27109
-27109
-27109
-27109
-27109
-27109
-27109
-27109
-27109
-27109
-27109
-27109
-27109
-27109
-27109
-27109
-27109
-27109
-27109
-27109
-27109
-27109
-27109
-27109
 -6458
 -6458
-19233
-19233
-19233
-19233
 -6458
 -6458
-27109
-27109
-27109
-27109
-27109
-27109
-27109
-27109
-27109
-27109
-27109
-27109
-27109
-27109
-27109
-27109
-27109
-27109
-27109
-27109
-27109
-27109
-27109
-27109
 -6458
 -6458
-19233
-19233
-19233
-19233
 -6458
 -6458
-27109
-27109
-27109
-27109
-27109
-27109
-27109
-27109
-27109
-27109
-27109
-27109
-27109
-27109
-27109
-27109
-27109
-27109
-27109
-27109
-27109
-27109
-27109
-27109
 -6458
 -6458
-19233
-19233
-19233
-19233
 -6458
 -6458
-27109
-27109
-27109
-27109
-27109
-27109
-27109
-27109
-27109
-27109
-27109
-27109
-27109
-27109
-27109
-27109
-27109
-27109
-27109
-27109
-27109
-27109
-27109
-27109
 -6458
 -6458
-19233
-19233
-19233
-19233
 -6458
 -6458
-27109
-27109
-27109
-27109
-27109
-27109
-27109
-27109
-27109
-27109
-27109
-27109
-27109
-27109
-27109
-27109
-27109
-27109
-27109
-27109
-27109
-27109
-27109
-27109
 -6458
 -6458
-19233
-19233
-19233
-19233
 -6458
 -6458
-27109
-27109
-27109
-27109
-27109
-27109
-27109
-27109
-27109
-27109
-27109
-27109
-27109
-27109
-27109
-27109
-27109
-27109
-27109
-27109
-27109
-27109
-27109
-27109
 -6458
 -6458
-19233
-19233
-19233
-19233
 -6458
 -6458
-27109
-27109
-27109
-27109
-27109
-27109
-27109
-27109
-27109
-27109
-27109
-27109
-27109
-27109
-27109
-27109
-27109
-27109
-27109
-27109
-27109
-27109
-27109
-27109
 -6458
 -6458
-19233
-19233
 19688
 19688
 -4344
 -4344
 -6458
 -6458
 -6458
 -6458
 -6458
 -6458
 -6458
 -6458
 -6458
 -6458
 -6458
 -6458
 -6458
 -6458
 -6458
 -6458
 -6458
 -6458
 -6458
 -6458
 -6458
 -6458
 -6458
 -6458
 -4344
 -4344
 19688
 19688
 19688
 19688
 -4344
 -4344
 -6458
 -6458
 -6458
 -6458
 -6458
 -6458
 -6458
 -6458
 -6458
 -6458
 -6458
 -6458
 -6458
 -6458
 -6458
 -6458
 -6458
 -6458
 -6458
 -6458
 -6458
 -6458
 -6458
 -6458
 -4344
 -4344
 19688
 19688
 26133
 26133
 19688
 19688
-19233
-19233
-19233
-19233
-19233
-19233
-19233
-19233
-19233
-19233
-19233
-19233
-19233
-19233
-19233
-19233
-19233
-19233
-19233
-19233
-19233
-19233
-19233
-19233
 19688
 19688
 26133
 26133
 26133
 26133
 19688
 19688
-19233
-19233
-19233
-19233
-19233
-19233
-19233
-19233
-19233
-19233
-19233
-19233
-19233
-19233
-19233
-19233
-19233
-19233
-19233
-19233
-19233
-19233
-19233
-19233
 19688
 19688
 26133
 26133
